0.0 0.0
-2.0 0.0 -4.0 0.0
-1.8 -0.8 -3.6 -1.6
-1.4 -1.4 -2.8 -2.8
-0.8 -1.8 -1.6 -3.6
0.0 -2.0 0.0 -4.0
0.8 -1.8 1.6 -3.6
1.4 -1.4 2.8 -2.8
1.8 -0.8 3.6 -1.6
2.0 0.0 4.0 0.0
1.8 0.8 3.6 1.6
1.4 1.4 2.8 2.8
0.8 1.8 1.6 3.6
0.0 2.0 0.0 4.0
-0.8 1.8 -1.6 3.6
-1.4 1.4 -2.8 2.8
-1.8 0.8 -3.6 1.6
5.4 2.4 4.2 4.2
2.4 5.4 0.0 6.0
-2.4 5.4 -4.2 4.2
-5.4 2.4 -6.0 0.0
-5.4 -2.4 -4.2 -4.2
-2.4 -5.4 0.0 -6.0
2.4 -5.4 4.2 -4.2
5.4 -2.4 6.0 0.0
-9.0 4.0 -7.2 3.2
-9.8 0.0 -7.8 0.0
-9.0 -4.0 -7.2 -3.2
-7.0 -7.0 -5.6 -5.6
-4.0 -9.0 -3.2 -7.2
0.0 -9.8 0.0 -7.8
4.0 -9.0 3.2 -7.2
7.0 -7.0 5.6 -5.6
9.0 -4.0 7.2 -3.2
9.8 0.0 7.8 0.0
9.0 4.0 7.2 3.2
7.0 7.0 5.6 5.6
4.0 9.0 3.2 7.2
0.0 9.8 0.0 7.8
-4.0 9.0 -3.2 7.2
-5.6 5.6 -7.0 7.0
8.4 8.4 4.8 10.8
0.0 11.8 -4.8 10.8
-8.4 8.4 -10.8 4.8
-11.8 0.0 -10.8 -4.8
-8.4 -8.4 -4.8 -10.8
0.0 -11.8 4.8 -10.8
8.4 -8.4 10.8 -4.8
11.8 0.0 10.8 4.8
-11.2 11.2 -9.8 9.8
-14.4 6.4 -12.6 5.6
-15.8 0.0 -13.8 0.0
-14.4 -6.4 -12.6 -5.6
-11.2 -11.2 -9.8 -9.8
-6.4 -14.4 -5.6 -12.6
0.0 -15.8 0.0 -13.8
6.4 -14.4 5.6 -12.6
11.2 -11.2 9.8 -9.8
14.4 -6.4 12.6 -5.6
15.8 0.0 13.8 0.0
14.4 6.4 12.6 5.6
11.2 11.2 9.8 9.8
6.4 14.4 5.6 12.6
0.0 15.8 0.0 13.8
-6.4 14.4 -5.6 12.6
